250278
250276
250277
250279
250282
250280
250281
250284
250283
250287
250285
250286
250288
250291
250289
250290
250293
250292
250296
250294
250295
250298
250297
250301
250299
250300
250303
250302
250306
250304
250305
250308
250307
250311
250309
250310
250312
250315
250313
250314
250317
250316
250320
250318
250319
250322
250321
250325
250323
250324
250326
250329
250327
250328
250331
250330
250334
250332
250333
250337
250336
250335
250340
250338
250339
250341
250344
250343
250342
250345
250348
250346
250347
250349
250352
250350
250351
250355
250353
250354
250358
250356
250357
250359
250362
250360
250361
250364
250363
250367
250365
250366
250368
250371
250369
250370
250373
250372
