112957
112957
112957
112957
112958
112958
112958
112958
112958
112960
112960
112960
112960
112961
112961
112961
112961
112961
112963
112963
112963
112963
112963
112964
112964
112964
112964
112964
112966
112966
112966
112966
112966
112967
112967
112967
112967
112968
112968
112968
112968
112968
112970
112970
112970
112970
112970
112971
112971
112971
112971
112972
112972
112972
112972
112972
112973
112973
112973
112973
112973
112973
112975
112975
112975
112975
112976
112976
112976
112976
112978
112978
112978
112978
112979
112979
112979
112981
112981
112981
112982
112982
112982
112982
112983
112983
112983
112983
112983
112985
112985
112985
112985
112986
112986
112986
112986
112986
